{
 "cells": [
  {
   "cell_type": "code",
   "execution_count": 1,
   "id": "a6613ffe",
   "metadata": {
    "_cell_guid": "b1076dfc-b9ad-4769-8c92-a6c4dae69d19",
    "_uuid": "8f2839f25d086af736a60e9eeb907d3b93b6e0e5",
    "execution": {
     "iopub.execute_input": "2026-04-24T11:40:45.733841Z",
     "iopub.status.busy": "2026-04-24T11:40:45.733513Z",
     "iopub.status.idle": "2026-04-24T11:40:47.422521Z",
     "shell.execute_reply": "2026-04-24T11:40:47.421370Z"
    },
    "papermill": {
     "duration": 1.708263,
     "end_time": "2026-04-24T11:40:47.424685+00:00",
     "exception": false,
     "start_time": "2026-04-24T11:40:45.716422+00:00",
     "status": "completed"
    },
    "tags": []
   },
   "outputs": [
    {
     "name": "stdout",
     "output_type": "stream",
     "text": [
      "/kaggle/input/competitions/playground-series-s6e4/sample_submission.csv\n",
      "/kaggle/input/competitions/playground-series-s6e4/train.csv\n",
      "/kaggle/input/competitions/playground-series-s6e4/test.csv\n"
     ]
    }
   ],
   "source": [
    "# This Python 3 environment comes with many helpful analytics libraries installed\n",
    "# It is defined by the kaggle/python Docker image: https://github.com/kaggle/docker-python\n",
    "# For example, here's several helpful packages to load\n",
    "\n",
    "import numpy as np # linear algebra\n",
    "import pandas as pd # data processing, CSV file I/O (e.g. pd.read_csv)\n",
    "\n",
    "# Input data files are available in the read-only \"../input/\" directory\n",
    "# For example, running this (by clicking run or pressing Shift+Enter) will list all files under the input directory\n",
    "\n",
    "import os\n",
    "for dirname, _, filenames in os.walk('/kaggle/input'):\n",
    "    for filename in filenames:\n",
    "        print(os.path.join(dirname, filename))\n",
    "\n",
    "# You can write up to 20GB to the current directory (/kaggle/working/) that gets preserved as output when you create a version using \"Save & Run All\" \n",
    "# You can also write temporary files to /kaggle/temp/, but they won't be saved outside of the current session"
   ]
  },
  {
   "cell_type": "code",
   "execution_count": 2,
   "id": "ecd0f490",
   "metadata": {
    "execution": {
     "iopub.execute_input": "2026-04-24T11:40:47.456183Z",
     "iopub.status.busy": "2026-04-24T11:40:47.455714Z",
     "iopub.status.idle": "2026-04-24T11:40:51.985423Z",
     "shell.execute_reply": "2026-04-24T11:40:51.984001Z"
    },
    "papermill": {
     "duration": 4.547335,
     "end_time": "2026-04-24T11:40:51.987633+00:00",
     "exception": false,
     "start_time": "2026-04-24T11:40:47.440298+00:00",
     "status": "completed"
    },
    "tags": []
   },
   "outputs": [],
   "source": [
    "import numpy as np\n",
    "import pandas as pd\n",
    "import plotly.express as px\n",
    "from sklearn.preprocessing import StandardScaler\n",
    "from sklearn.model_selection import train_test_split"
   ]
  },
  {
   "cell_type": "code",
   "execution_count": 3,
   "id": "eb04be01",
   "metadata": {
    "execution": {
     "iopub.execute_input": "2026-04-24T11:40:52.018040Z",
     "iopub.status.busy": "2026-04-24T11:40:52.017513Z",
     "iopub.status.idle": "2026-04-24T11:40:55.332189Z",
     "shell.execute_reply": "2026-04-24T11:40:55.331320Z"
    },
    "papermill": {
     "duration": 3.33216,
     "end_time": "2026-04-24T11:40:55.334326+00:00",
     "exception": false,
     "start_time": "2026-04-24T11:40:52.002166+00:00",
     "status": "completed"
    },
    "tags": []
   },
   "outputs": [],
   "source": [
    "training_data= pd.read_csv(\"/kaggle/input/competitions/playground-series-s6e4/train.csv\") \n",
    "testing_data= pd.read_csv(\"/kaggle/input/competitions/playground-series-s6e4/test.csv\")"
   ]
  },
  {
   "cell_type": "code",
   "execution_count": 4,
   "id": "01133766",
   "metadata": {
    "execution": {
     "iopub.execute_input": "2026-04-24T11:40:55.363433Z",
     "iopub.status.busy": "2026-04-24T11:40:55.363038Z",
     "iopub.status.idle": "2026-04-24T11:40:55.424337Z",
     "shell.execute_reply": "2026-04-24T11:40:55.423332Z"
    },
    "papermill": {
     "duration": 0.078372,
     "end_time": "2026-04-24T11:40:55.426272+00:00",
     "exception": false,
     "start_time": "2026-04-24T11:40:55.347900+00:00",
     "status": "completed"
    },
    "tags": []
   },
   "outputs": [
    {
     "data": {
      "text/html": [
       "<div>\n",
       "<style scoped>\n",
       "    .dataframe tbody tr th:only-of-type {\n",
       "        vertical-align: middle;\n",
       "    }\n",
       "\n",
       "    .dataframe tbody tr th {\n",
       "        vertical-align: top;\n",
       "    }\n",
       "\n",
       "    .dataframe thead th {\n",
       "        text-align: right;\n",
       "    }\n",
       "</style>\n",
       "<table border=\"1\" class=\"dataframe\">\n",
       "  <thead>\n",
       "    <tr style=\"text-align: right;\">\n",
       "      <th></th>\n",
       "      <th>id</th>\n",
       "      <th>Soil_Type</th>\n",
       "      <th>Soil_pH</th>\n",
       "      <th>Soil_Moisture</th>\n",
       "      <th>Organic_Carbon</th>\n",
       "      <th>Electrical_Conductivity</th>\n",
       "      <th>Temperature_C</th>\n",
       "      <th>Humidity</th>\n",
       "      <th>Rainfall_mm</th>\n",
       "      <th>Sunlight_Hours</th>\n",
       "      <th>...</th>\n",
       "      <th>Crop_Type</th>\n",
       "      <th>Crop_Growth_Stage</th>\n",
       "      <th>Season</th>\n",
       "      <th>Irrigation_Type</th>\n",
       "      <th>Water_Source</th>\n",
       "      <th>Field_Area_hectare</th>\n",
       "      <th>Mulching_Used</th>\n",
       "      <th>Previous_Irrigation_mm</th>\n",
       "      <th>Region</th>\n",
       "      <th>Irrigation_Need</th>\n",
       "    </tr>\n",
       "  </thead>\n",
       "  <tbody>\n",
       "    <tr>\n",
       "      <th>0</th>\n",
       "      <td>0</td>\n",
       "      <td>Loamy</td>\n",
       "      <td>4.92</td>\n",
       "      <td>32.58</td>\n",
       "      <td>1.01</td>\n",
       "      <td>3.05</td>\n",
       "      <td>15.01</td>\n",
       "      <td>50.61</td>\n",
       "      <td>725.99</td>\n",
       "      <td>5.90</td>\n",
       "      <td>...</td>\n",
       "      <td>Sugarcane</td>\n",
       "      <td>Sowing</td>\n",
       "      <td>Zaid</td>\n",
       "      <td>Drip</td>\n",
       "      <td>Rainwater</td>\n",
       "      <td>0.82</td>\n",
       "      <td>No</td>\n",
       "      <td>112.16</td>\n",
       "      <td>East</td>\n",
       "      <td>Low</td>\n",
       "    </tr>\n",
       "    <tr>\n",
       "      <th>1</th>\n",
       "      <td>1</td>\n",
       "      <td>Clay</td>\n",
       "      <td>7.08</td>\n",
       "      <td>56.61</td>\n",
       "      <td>0.44</td>\n",
       "      <td>2.00</td>\n",
       "      <td>22.92</td>\n",
       "      <td>67.86</td>\n",
       "      <td>985.66</td>\n",
       "      <td>6.98</td>\n",
       "      <td>...</td>\n",
       "      <td>Wheat</td>\n",
       "      <td>Vegetative</td>\n",
       "      <td>Kharif</td>\n",
       "      <td>Rainfed</td>\n",
       "      <td>River</td>\n",
       "      <td>5.27</td>\n",
       "      <td>Yes</td>\n",
       "      <td>47.16</td>\n",
       "      <td>South</td>\n",
       "      <td>Low</td>\n",
       "    </tr>\n",
       "    <tr>\n",
       "      <th>2</th>\n",
       "      <td>2</td>\n",
       "      <td>Clay</td>\n",
       "      <td>5.69</td>\n",
       "      <td>27.71</td>\n",
       "      <td>0.81</td>\n",
       "      <td>2.83</td>\n",
       "      <td>26.97</td>\n",
       "      <td>92.22</td>\n",
       "      <td>2201.70</td>\n",
       "      <td>6.05</td>\n",
       "      <td>...</td>\n",
       "      <td>Rice</td>\n",
       "      <td>Vegetative</td>\n",
       "      <td>Kharif</td>\n",
       "      <td>Sprinkler</td>\n",
       "      <td>Reservoir</td>\n",
       "      <td>8.24</td>\n",
       "      <td>Yes</td>\n",
       "      <td>110.38</td>\n",
       "      <td>North</td>\n",
       "      <td>Low</td>\n",
       "    </tr>\n",
       "    <tr>\n",
       "      <th>3</th>\n",
       "      <td>3</td>\n",
       "      <td>Sandy</td>\n",
       "      <td>5.65</td>\n",
       "      <td>13.32</td>\n",
       "      <td>1.33</td>\n",
       "      <td>0.87</td>\n",
       "      <td>13.32</td>\n",
       "      <td>61.57</td>\n",
       "      <td>1357.33</td>\n",
       "      <td>9.12</td>\n",
       "      <td>...</td>\n",
       "      <td>Wheat</td>\n",
       "      <td>Flowering</td>\n",
       "      <td>Kharif</td>\n",
       "      <td>Canal</td>\n",
       "      <td>River</td>\n",
       "      <td>8.32</td>\n",
       "      <td>Yes</td>\n",
       "      <td>53.85</td>\n",
       "      <td>South</td>\n",
       "      <td>Medium</td>\n",
       "    </tr>\n",
       "    <tr>\n",
       "      <th>4</th>\n",
       "      <td>4</td>\n",
       "      <td>Clay</td>\n",
       "      <td>7.96</td>\n",
       "      <td>59.14</td>\n",
       "      <td>0.38</td>\n",
       "      <td>0.96</td>\n",
       "      <td>20.22</td>\n",
       "      <td>91.11</td>\n",
       "      <td>1538.20</td>\n",
       "      <td>6.95</td>\n",
       "      <td>...</td>\n",
       "      <td>Wheat</td>\n",
       "      <td>Sowing</td>\n",
       "      <td>Rabi</td>\n",
       "      <td>Canal</td>\n",
       "      <td>River</td>\n",
       "      <td>7.37</td>\n",
       "      <td>No</td>\n",
       "      <td>93.19</td>\n",
       "      <td>South</td>\n",
       "      <td>Low</td>\n",
       "    </tr>\n",
       "  </tbody>\n",
       "</table>\n",
       "<p>5 rows × 21 columns</p>\n",
       "</div>"
      ],
      "text/plain": [
       "   id Soil_Type  Soil_pH  Soil_Moisture  Organic_Carbon  \\\n",
       "0   0     Loamy     4.92          32.58            1.01   \n",
       "1   1      Clay     7.08          56.61            0.44   \n",
       "2   2      Clay     5.69          27.71            0.81   \n",
       "3   3     Sandy     5.65          13.32            1.33   \n",
       "4   4      Clay     7.96          59.14            0.38   \n",
       "\n",
       "   Electrical_Conductivity  Temperature_C  Humidity  Rainfall_mm  \\\n",
       "0                     3.05          15.01     50.61       725.99   \n",
       "1                     2.00          22.92     67.86       985.66   \n",
       "2                     2.83          26.97     92.22      2201.70   \n",
       "3                     0.87          13.32     61.57      1357.33   \n",
       "4                     0.96          20.22     91.11      1538.20   \n",
       "\n",
       "   Sunlight_Hours  ...  Crop_Type Crop_Growth_Stage  Season Irrigation_Type  \\\n",
       "0            5.90  ...  Sugarcane            Sowing    Zaid            Drip   \n",
       "1            6.98  ...      Wheat        Vegetative  Kharif         Rainfed   \n",
       "2            6.05  ...       Rice        Vegetative  Kharif       Sprinkler   \n",
       "3            9.12  ...      Wheat         Flowering  Kharif           Canal   \n",
       "4            6.95  ...      Wheat            Sowing    Rabi           Canal   \n",
       "\n",
       "  Water_Source Field_Area_hectare  Mulching_Used Previous_Irrigation_mm  \\\n",
       "0    Rainwater               0.82             No                 112.16   \n",
       "1        River               5.27            Yes                  47.16   \n",
       "2    Reservoir               8.24            Yes                 110.38   \n",
       "3        River               8.32            Yes                  53.85   \n",
       "4        River               7.37             No                  93.19   \n",
       "\n",
       "   Region Irrigation_Need  \n",
       "0    East             Low  \n",
       "1   South             Low  \n",
       "2   North             Low  \n",
       "3   South          Medium  \n",
       "4   South             Low  \n",
       "\n",
       "[5 rows x 21 columns]"
      ]
     },
     "execution_count": 4,
     "metadata": {},
     "output_type": "execute_result"
    }
   ],
   "source": [
    "training_data.head()"
   ]
  },
  {
   "cell_type": "code",
   "execution_count": 5,
   "id": "8e8c8e3e",
   "metadata": {
    "execution": {
     "iopub.execute_input": "2026-04-24T11:40:55.456261Z",
     "iopub.status.busy": "2026-04-24T11:40:55.455853Z",
     "iopub.status.idle": "2026-04-24T11:40:55.461510Z",
     "shell.execute_reply": "2026-04-24T11:40:55.460666Z"
    },
    "papermill": {
     "duration": 0.02289,
     "end_time": "2026-04-24T11:40:55.463306+00:00",
     "exception": false,
     "start_time": "2026-04-24T11:40:55.440416+00:00",
     "status": "completed"
    },
    "tags": []
   },
   "outputs": [
    {
     "data": {
      "text/plain": [
       "(630000, 21)"
      ]
     },
     "execution_count": 5,
     "metadata": {},
     "output_type": "execute_result"
    }
   ],
   "source": [
    "training_data.shape"
   ]
  },
  {
   "cell_type": "code",
   "execution_count": 6,
   "id": "044cc903",
   "metadata": {
    "execution": {
     "iopub.execute_input": "2026-04-24T11:40:55.494052Z",
     "iopub.status.busy": "2026-04-24T11:40:55.493673Z",
     "iopub.status.idle": "2026-04-24T11:40:55.499617Z",
     "shell.execute_reply": "2026-04-24T11:40:55.498569Z"
    },
    "papermill": {
     "duration": 0.023148,
     "end_time": "2026-04-24T11:40:55.501502+00:00",
     "exception": false,
     "start_time": "2026-04-24T11:40:55.478354+00:00",
     "status": "completed"
    },
    "tags": []
   },
   "outputs": [
    {
     "data": {
      "text/plain": [
       "(270000, 20)"
      ]
     },
     "execution_count": 6,
     "metadata": {},
     "output_type": "execute_result"
    }
   ],
   "source": [
    "testing_data.shape"
   ]
  },
  {
   "cell_type": "code",
   "execution_count": 7,
   "id": "64463936",
   "metadata": {
    "execution": {
     "iopub.execute_input": "2026-04-24T11:40:55.531620Z",
     "iopub.status.busy": "2026-04-24T11:40:55.531279Z",
     "iopub.status.idle": "2026-04-24T11:40:55.832666Z",
     "shell.execute_reply": "2026-04-24T11:40:55.831579Z"
    },
    "papermill": {
     "duration": 0.319054,
     "end_time": "2026-04-24T11:40:55.834741+00:00",
     "exception": false,
     "start_time": "2026-04-24T11:40:55.515687+00:00",
     "status": "completed"
    },
    "tags": []
   },
   "outputs": [
    {
     "data": {
      "text/plain": [
       "id                         0\n",
       "Soil_Type                  0\n",
       "Soil_pH                    0\n",
       "Soil_Moisture              0\n",
       "Organic_Carbon             0\n",
       "Electrical_Conductivity    0\n",
       "Temperature_C              0\n",
       "Humidity                   0\n",
       "Rainfall_mm                0\n",
       "Sunlight_Hours             0\n",
       "Wind_Speed_kmh             0\n",
       "Crop_Type                  0\n",
       "Crop_Growth_Stage          0\n",
       "Season                     0\n",
       "Irrigation_Type            0\n",
       "Water_Source               0\n",
       "Field_Area_hectare         0\n",
       "Mulching_Used              0\n",
       "Previous_Irrigation_mm     0\n",
       "Region                     0\n",
       "Irrigation_Need            0\n",
       "dtype: int64"
      ]
     },
     "execution_count": 7,
     "metadata": {},
     "output_type": "execute_result"
    }
   ],
   "source": [
    "training_data.isnull().sum()"
   ]
  },
  {
   "cell_type": "code",
   "execution_count": 8,
   "id": "a6b12b4f",
   "metadata": {
    "execution": {
     "iopub.execute_input": "2026-04-24T11:40:55.865877Z",
     "iopub.status.busy": "2026-04-24T11:40:55.865186Z",
     "iopub.status.idle": "2026-04-24T11:40:56.186435Z",
     "shell.execute_reply": "2026-04-24T11:40:56.185256Z"
    },
    "papermill": {
     "duration": 0.339514,
     "end_time": "2026-04-24T11:40:56.188532+00:00",
     "exception": false,
     "start_time": "2026-04-24T11:40:55.849018+00:00",
     "status": "completed"
    },
    "tags": []
   },
   "outputs": [
    {
     "name": "stdout",
     "output_type": "stream",
     "text": [
      "<class 'pandas.core.frame.DataFrame'>\n",
      "RangeIndex: 630000 entries, 0 to 629999\n",
      "Data columns (total 21 columns):\n",
      " #   Column                   Non-Null Count   Dtype  \n",
      "---  ------                   --------------   -----  \n",
      " 0   id                       630000 non-null  int64  \n",
      " 1   Soil_Type                630000 non-null  object \n",
      " 2   Soil_pH                  630000 non-null  float64\n",
      " 3   Soil_Moisture            630000 non-null  float64\n",
      " 4   Organic_Carbon           630000 non-null  float64\n",
      " 5   Electrical_Conductivity  630000 non-null  float64\n",
      " 6   Temperature_C            630000 non-null  float64\n",
      " 7   Humidity                 630000 non-null  float64\n",
      " 8   Rainfall_mm              630000 non-null  float64\n",
      " 9   Sunlight_Hours           630000 non-null  float64\n",
      " 10  Wind_Speed_kmh           630000 non-null  float64\n",
      " 11  Crop_Type                630000 non-null  object \n",
      " 12  Crop_Growth_Stage        630000 non-null  object \n",
      " 13  Season                   630000 non-null  object \n",
      " 14  Irrigation_Type          630000 non-null  object \n",
      " 15  Water_Source             630000 non-null  object \n",
      " 16  Field_Area_hectare       630000 non-null  float64\n",
      " 17  Mulching_Used            630000 non-null  object \n",
      " 18  Previous_Irrigation_mm   630000 non-null  float64\n",
      " 19  Region                   630000 non-null  object \n",
      " 20  Irrigation_Need          630000 non-null  object \n",
      "dtypes: float64(11), int64(1), object(9)\n",
      "memory usage: 100.9+ MB\n"
     ]
    }
   ],
   "source": [
    "training_data.info()"
   ]
  },
  {
   "cell_type": "code",
   "execution_count": 9,
   "id": "5a468d55",
   "metadata": {
    "execution": {
     "iopub.execute_input": "2026-04-24T11:40:56.219841Z",
     "iopub.status.busy": "2026-04-24T11:40:56.219517Z",
     "iopub.status.idle": "2026-04-24T11:40:56.918031Z",
     "shell.execute_reply": "2026-04-24T11:40:56.917089Z"
    },
    "papermill": {
     "duration": 0.717149,
     "end_time": "2026-04-24T11:40:56.920344+00:00",
     "exception": false,
     "start_time": "2026-04-24T11:40:56.203195+00:00",
     "status": "completed"
    },
    "tags": []
   },
   "outputs": [],
   "source": [
    "training_data= training_data.drop_duplicates().reset_index(drop=True)"
   ]
  },
  {
   "cell_type": "code",
   "execution_count": 10,
   "id": "6fc031c9",
   "metadata": {
    "execution": {
     "iopub.execute_input": "2026-04-24T11:40:56.951429Z",
     "iopub.status.busy": "2026-04-24T11:40:56.951005Z",
     "iopub.status.idle": "2026-04-24T11:41:01.733678Z",
     "shell.execute_reply": "2026-04-24T11:41:01.732373Z"
    },
    "papermill": {
     "duration": 4.801265,
     "end_time": "2026-04-24T11:41:01.735842+00:00",
     "exception": false,
     "start_time": "2026-04-24T11:40:56.934577+00:00",
     "status": "completed"
    },
    "tags": []
   },
   "outputs": [
    {
     "data": {
      "text/html": [
       "<html>\n",
       "<head><meta charset=\"utf-8\" /></head>\n",
       "<body>\n",
       "    <div>            <script src=\"https://cdnjs.cloudflare.com/ajax/libs/mathjax/2.7.5/MathJax.js?config=TeX-AMS-MML_SVG\"></script><script type=\"text/javascript\">if (window.MathJax && window.MathJax.Hub && window.MathJax.Hub.Config) {window.MathJax.Hub.Config({SVG: {font: \"STIX-Web\"}});}</script>                <script type=\"text/javascript\">window.PlotlyConfig = {MathJaxConfig: 'local'};</script>\n",
       "        <script charset=\"utf-8\" src=\"https://cdn.plot.ly/plotly-2.35.2.min.js\"></script>                <div id=\"01d7eb98-a35b-4dc5-8db5-76f600d9f0dd\" class=\"plotly-graph-div\" style=\"height:525px; width:100%;\"></div>            <script type=\"text/javascript\">                                    window.PLOTLYENV=window.PLOTLYENV || {};                                    if (document.getElementById(\"01d7eb98-a35b-4dc5-8db5-76f600d9f0dd\")) {                    Plotly.newPlot(                        \"01d7eb98-a35b-4dc5-8db5-76f600d9f0dd\",                        [{\"coloraxis\":\"coloraxis\",\"name\":\"0\",\"texttemplate\":\"%{z:.2f}\",\"x\":[\"id\",\"Soil_pH\",\"Soil_Moisture\",\"Organic_Carbon\",\"Electrical_Conductivity\",\"Temperature_C\",\"Humidity\",\"Rainfall_mm\",\"Sunlight_Hours\",\"Wind_Speed_kmh\",\"Field_Area_hectare\",\"Previous_Irrigation_mm\"],\"y\":[\"id\",\"Soil_pH\",\"Soil_Moisture\",\"Organic_Carbon\",\"Electrical_Conductivity\",\"Temperature_C\",\"Humidity\",\"Rainfall_mm\",\"Sunlight_Hours\",\"Wind_Speed_kmh\",\"Field_Area_hectare\",\"Previous_Irrigation_mm\"],\"z\":[[1.0,0.0012975090578478028,0.0007733537320673926,0.00038958680023445854,-0.0012126744188639584,0.0015053073172114487,0.0016687868397593675,0.0002446456045464917,0.0004677935038851357,0.00014238303468875916,0.0009602819579060528,0.000025500094632834036],[0.0012975090578478028,1.0,-0.0035474327155384376,-0.0029730996930838597,-0.0001710047974733391,-0.0024024446286623337,0.0013743000067824149,-0.004799393296797891,0.0005858211062352646,0.002978208876164479,0.004335137336657652,0.002215721251812978],[0.0007733537320673926,-0.0035474327155384376,1.0,-0.015072334582836033,-0.009135918782707116,-0.03789083130009061,0.015402947038458785,0.04447336401055792,0.005775930690737504,-0.027864544058381093,-0.005365251867369838,-0.023434321281471025],[0.00038958680023445854,-0.0029730996930838597,-0.015072334582836033,1.0,0.010919295441371565,-0.0019544983087431233,0.003092607686010635,-0.017390525968002318,-0.00043774291852793137,0.011340607504949893,-0.006282617911721013,-0.0005488409976523236],[-0.0012126744188639584,-0.0001710047974733391,-0.009135918782707116,0.010919295441371565,1.0,0.00364127823655915,0.0002563991249346135,-0.004024898118934572,0.00011145367814096198,-0.0016372656026636034,0.007655578570810812,0.0016518348370755753],[0.0015053073172114487,-0.0024024446286623337,-0.03789083130009061,-0.0019544983087431233,0.00364127823655915,1.0,-0.020448415916657803,-0.016766754544374065,-0.0030492860476886104,-0.0020413694156628964,0.01083576429114315,0.008231874041209149],[0.0016687868397593675,0.0013743000067824149,0.015402947038458785,0.003092607686010635,0.0002563991249346135,-0.020448415916657803,1.0,0.0005960012780894115,0.0017860796892728659,0.011738026848006497,0.005705756422842786,0.018669253346498035],[0.0002446456045464917,-0.004799393296797891,0.04447336401055792,-0.017390525968002318,-0.004024898118934572,-0.016766754544374065,0.0005960012780894115,1.0,-0.006218554183699352,-0.032775968001975936,-0.011578248806355829,0.013206962092374859],[0.0004677935038851357,0.0005858211062352646,0.005775930690737504,-0.00043774291852793137,0.00011145367814096198,-0.0030492860476886104,0.0017860796892728659,-0.006218554183699352,1.0,0.0001344813293525393,-0.0049986441869889625,0.0024262654644010484],[0.00014238303468875916,0.002978208876164479,-0.027864544058381093,0.011340607504949893,-0.0016372656026636034,-0.0020413694156628964,0.011738026848006497,-0.032775968001975936,0.0001344813293525393,1.0,0.009671059657909561,0.009510408088878182],[0.0009602819579060528,0.004335137336657652,-0.005365251867369838,-0.006282617911721013,0.007655578570810812,0.01083576429114315,0.005705756422842786,-0.011578248806355829,-0.0049986441869889625,0.009671059657909561,1.0,0.007173140850348093],[0.000025500094632834036,0.002215721251812978,-0.023434321281471025,-0.0005488409976523236,0.0016518348370755753,0.008231874041209149,0.018669253346498035,0.013206962092374859,0.0024262654644010484,0.009510408088878182,0.007173140850348093,1.0]],\"type\":\"heatmap\",\"xaxis\":\"x\",\"yaxis\":\"y\",\"hovertemplate\":\"x: %{x}\\u003cbr\\u003ey: %{y}\\u003cbr\\u003ecolor: %{z}\\u003cextra\\u003e\\u003c\\u002fextra\\u003e\"}],                        {\"template\":{\"data\":{\"histogram2dcontour\":[{\"type\":\"histogram2dcontour\",\"colorbar\":{\"outlinewidth\":0,\"ticks\":\"\"},\"colorscale\":[[0.0,\"#0d0887\"],[0.1111111111111111,\"#46039f\"],[0.2222222222222222,\"#7201a8\"],[0.3333333333333333,\"#9c179e\"],[0.4444444444444444,\"#bd3786\"],[0.5555555555555556,\"#d8576b\"],[0.6666666666666666,\"#ed7953\"],[0.7777777777777778,\"#fb9f3a\"],[0.8888888888888888,\"#fdca26\"],[1.0,\"#f0f921\"]]}],\"choropleth\":[{\"type\":\"choropleth\",\"colorbar\":{\"outlinewidth\":0,\"ticks\":\"\"}}],\"histogram2d\":[{\"type\":\"histogram2d\",\"colorbar\":{\"outlinewidth\":0,\"ticks\":\"\"},\"colorscale\":[[0.0,\"#0d0887\"],[0.1111111111111111,\"#46039f\"],[0.2222222222222222,\"#7201a8\"],[0.3333333333333333,\"#9c179e\"],[0.4444444444444444,\"#bd3786\"],[0.5555555555555556,\"#d8576b\"],[0.6666666666666666,\"#ed7953\"],[0.7777777777777778,\"#fb9f3a\"],[0.8888888888888888,\"#fdca26\"],[1.0,\"#f0f921\"]]}],\"heatmap\":[{\"type\":\"heatmap\",\"colorbar\":{\"outlinewidth\":0,\"ticks\":\"\"},\"colorscale\":[[0.0,\"#0d0887\"],[0.1111111111111111,\"#46039f\"],[0.2222222222222222,\"#7201a8\"],[0.3333333333333333,\"#9c179e\"],[0.4444444444444444,\"#bd3786\"],[0.5555555555555556,\"#d8576b\"],[0.6666666666666666,\"#ed7953\"],[0.7777777777777778,\"#fb9f3a\"],[0.8888888888888888,\"#fdca26\"],[1.0,\"#f0f921\"]]}],\"heatmapgl\":[{\"type\":\"heatmapgl\",\"colorbar\":{\"outlinewidth\":0,\"ticks\":\"\"},\"colorscale\":[[0.0,\"#0d0887\"],[0.1111111111111111,\"#46039f\"],[0.2222222222222222,\"#7201a8\"],[0.3333333333333333,\"#9c179e\"],[0.4444444444444444,\"#bd3786\"],[0.5555555555555556,\"#d8576b\"],[0.6666666666666666,\"#ed7953\"],[0.7777777777777778,\"#fb9f3a\"],[0.8888888888888888,\"#fdca26\"],[1.0,\"#f0f921\"]]}],\"contourcarpet\":[{\"type\":\"contourcarpet\",\"colorbar\":{\"outlinewidth\":0,\"ticks\":\"\"}}],\"contour\":[{\"type\":\"contour\",\"colorbar\":{\"outlinewidth\":0,\"ticks\":\"\"},\"colorscale\":[[0.0,\"#0d0887\"],[0.1111111111111111,\"#46039f\"],[0.2222222222222222,\"#7201a8\"],[0.3333333333333333,\"#9c179e\"],[0.4444444444444444,\"#bd3786\"],[0.5555555555555556,\"#d8576b\"],[0.6666666666666666,\"#ed7953\"],[0.7777777777777778,\"#fb9f3a\"],[0.8888888888888888,\"#fdca26\"],[1.0,\"#f0f921\"]]}],\"surface\":[{\"type\":\"surface\",\"colorbar\":{\"outlinewidth\":0,\"ticks\":\"\"},\"colorscale\":[[0.0,\"#0d0887\"],[0.1111111111111111,\"#46039f\"],[0.2222222222222222,\"#7201a8\"],[0.3333333333333333,\"#9c179e\"],[0.4444444444444444,\"#bd3786\"],[0.5555555555555556,\"#d8576b\"],[0.6666666666666666,\"#ed7953\"],[0.7777777777777778,\"#fb9f3a\"],[0.8888888888888888,\"#fdca26\"],[1.0,\"#f0f921\"]]}],\"mesh3d\":[{\"type\":\"mesh3d\",\"colorbar\":{\"outlinewidth\":0,\"ticks\":\"\"}}],\"scatter\":[{\"fillpattern\":{\"fillmode\":\"overlay\",\"size\":10,\"solidity\":0.2},\"type\":\"scatter\"}],\"parcoords\":[{\"type\":\"parcoords\",\"line\":{\"colorbar\":{\"outlinewidth\":0,\"ticks\":\"\"}}}],\"scatterpolargl\":[{\"type\":\"scatterpolargl\",\"marker\":{\"colorbar\":{\"outlinewidth\":0,\"ticks\":\"\"}}}],\"bar\":[{\"error_x\":{\"color\":\"#2a3f5f\"},\"error_y\":{\"color\":\"#2a3f5f\"},\"marker\":{\"line\":{\"color\":\"#E5ECF6\",\"width\":0.5},\"pattern\":{\"fillmode\":\"overlay\",\"size\":10,\"solidity\":0.2}},\"type\":\"bar\"}],\"scattergeo\":[{\"type\":\"scattergeo\",\"marker\":{\"colorbar\":{\"outlinewidth\":0,\"ticks\":\"\"}}}],\"scatterpolar\":[{\"type\":\"scatterpolar\",\"marker\":{\"colorbar\":{\"outlinewidth\":0,\"ticks\":\"\"}}}],\"histogram\":[{\"marker\":{\"pattern\":{\"fillmode\":\"overlay\",\"size\":10,\"solidity\":0.2}},\"type\":\"histogram\"}],\"scattergl\":[{\"type\":\"scattergl\",\"marker\":{\"colorbar\":{\"outlinewidth\":0,\"ticks\":\"\"}}}],\"scatter3d\":[{\"type\":\"scatter3d\",\"line\":{\"colorbar\":{\"outlinewidth\":0,\"ticks\":\"\"}},\"marker\":{\"colorbar\":{\"outlinewidth\":0,\"ticks\":\"\"}}}],\"scattermapbox\":[{\"type\":\"scattermapbox\",\"marker\":{\"colorbar\":{\"outlinewidth\":0,\"ticks\":\"\"}}}],\"scatterternary\":[{\"type\":\"scatterternary\",\"marker\":{\"colorbar\":{\"outlinewidth\":0,\"ticks\":\"\"}}}],\"scattercarpet\":[{\"type\":\"scattercarpet\",\"marker\":{\"colorbar\":{\"outlinewidth\":0,\"ticks\":\"\"}}}],\"carpet\":[{\"aaxis\":{\"endlinecolor\":\"#2a3f5f\",\"gridcolor\":\"white\",\"linecolor\":\"white\",\"minorgridcolor\":\"white\",\"startlinecolor\":\"#2a3f5f\"},\"baxis\":{\"endlinecolor\":\"#2a3f5f\",\"gridcolor\":\"white\",\"linecolor\":\"white\",\"minorgridcolor\":\"white\",\"startlinecolor\":\"#2a3f5f\"},\"type\":\"carpet\"}],\"table\":[{\"cells\":{\"fill\":{\"color\":\"#EBF0F8\"},\"line\":{\"color\":\"white\"}},\"header\":{\"fill\":{\"color\":\"#C8D4E3\"},\"line\":{\"color\":\"white\"}},\"type\":\"table\"}],\"barpolar\":[{\"marker\":{\"line\":{\"color\":\"#E5ECF6\",\"width\":0.5},\"pattern\":{\"fillmode\":\"overlay\",\"size\":10,\"solidity\":0.2}},\"type\":\"barpolar\"}],\"pie\":[{\"automargin\":true,\"type\":\"pie\"}]},\"layout\":{\"autotypenumbers\":\"strict\",\"colorway\":[\"#636efa\",\"#EF553B\",\"#00cc96\",\"#ab63fa\",\"#FFA15A\",\"#19d3f3\",\"#FF6692\",\"#B6E880\",\"#FF97FF\",\"#FECB52\"],\"font\":{\"color\":\"#2a3f5f\"},\"hovermode\":\"closest\",\"hoverlabel\":{\"align\":\"left\"},\"paper_bgcolor\":\"white\",\"plot_bgcolor\":\"#E5ECF6\",\"polar\":{\"bgcolor\":\"#E5ECF6\",\"angularaxis\":{\"gridcolor\":\"white\",\"linecolor\":\"white\",\"ticks\":\"\"},\"radialaxis\":{\"gridcolor\":\"white\",\"linecolor\":\"white\",\"ticks\":\"\"}},\"ternary\":{\"bgcolor\":\"#E5ECF6\",\"aaxis\":{\"gridcolor\":\"white\",\"linecolor\":\"white\",\"ticks\":\"\"},\"baxis\":{\"gridcolor\":\"white\",\"linecolor\":\"white\",\"ticks\":\"\"},\"caxis\":{\"gridcolor\":\"white\",\"linecolor\":\"white\",\"ticks\":\"\"}},\"coloraxis\":{\"colorbar\":{\"outlinewidth\":0,\"ticks\":\"\"}},\"colorscale\":{\"sequential\":[[0.0,\"#0d0887\"],[0.1111111111111111,\"#46039f\"],[0.2222222222222222,\"#7201a8\"],[0.3333333333333333,\"#9c179e\"],[0.4444444444444444,\"#bd3786\"],[0.5555555555555556,\"#d8576b\"],[0.6666666666666666,\"#ed7953\"],[0.7777777777777778,\"#fb9f3a\"],[0.8888888888888888,\"#fdca26\"],[1.0,\"#f0f921\"]],\"sequentialminus\":[[0.0,\"#0d0887\"],[0.1111111111111111,\"#46039f\"],[0.2222222222222222,\"#7201a8\"],[0.3333333333333333,\"#9c179e\"],[0.4444444444444444,\"#bd3786\"],[0.5555555555555556,\"#d8576b\"],[0.6666666666666666,\"#ed7953\"],[0.7777777777777778,\"#fb9f3a\"],[0.8888888888888888,\"#fdca26\"],[1.0,\"#f0f921\"]],\"diverging\":[[0,\"#8e0152\"],[0.1,\"#c51b7d\"],[0.2,\"#de77ae\"],[0.3,\"#f1b6da\"],[0.4,\"#fde0ef\"],[0.5,\"#f7f7f7\"],[0.6,\"#e6f5d0\"],[0.7,\"#b8e186\"],[0.8,\"#7fbc41\"],[0.9,\"#4d9221\"],[1,\"#276419\"]]},\"xaxis\":{\"gridcolor\":\"white\",\"linecolor\":\"white\",\"ticks\":\"\",\"title\":{\"standoff\":15},\"zerolinecolor\":\"white\",\"automargin\":true,\"zerolinewidth\":2},\"yaxis\":{\"gridcolor\":\"white\",\"linecolor\":\"white\",\"ticks\":\"\",\"title\":{\"standoff\":15},\"zerolinecolor\":\"white\",\"automargin\":true,\"zerolinewidth\":2},\"scene\":{\"xaxis\":{\"backgroundcolor\":\"#E5ECF6\",\"gridcolor\":\"white\",\"linecolor\":\"white\",\"showbackground\":true,\"ticks\":\"\",\"zerolinecolor\":\"white\",\"gridwidth\":2},\"yaxis\":{\"backgroundcolor\":\"#E5ECF6\",\"gridcolor\":\"white\",\"linecolor\":\"white\",\"showbackground\":true,\"ticks\":\"\",\"zerolinecolor\":\"white\",\"gridwidth\":2},\"zaxis\":{\"backgroundcolor\":\"#E5ECF6\",\"gridcolor\":\"white\",\"linecolor\":\"white\",\"showbackground\":true,\"ticks\":\"\",\"zerolinecolor\":\"white\",\"gridwidth\":2}},\"shapedefaults\":{\"line\":{\"color\":\"#2a3f5f\"}},\"annotationdefaults\":{\"arrowcolor\":\"#2a3f5f\",\"arrowhead\":0,\"arrowwidth\":1},\"geo\":{\"bgcolor\":\"white\",\"landcolor\":\"#E5ECF6\",\"subunitcolor\":\"white\",\"showland\":true,\"showlakes\":true,\"lakecolor\":\"white\"},\"title\":{\"x\":0.05},\"mapbox\":{\"style\":\"light\"}}},\"xaxis\":{\"anchor\":\"y\",\"domain\":[0.0,1.0]},\"yaxis\":{\"anchor\":\"x\",\"domain\":[0.0,1.0],\"autorange\":\"reversed\"},\"coloraxis\":{\"colorscale\":[[0.0,\"#0d0887\"],[0.1111111111111111,\"#46039f\"],[0.2222222222222222,\"#7201a8\"],[0.3333333333333333,\"#9c179e\"],[0.4444444444444444,\"#bd3786\"],[0.5555555555555556,\"#d8576b\"],[0.6666666666666666,\"#ed7953\"],[0.7777777777777778,\"#fb9f3a\"],[0.8888888888888888,\"#fdca26\"],[1.0,\"#f0f921\"]]},\"margin\":{\"t\":60}},                        {\"responsive\": true}                    ).then(function(){\n",
       "                            \n",
       "var gd = document.getElementById('01d7eb98-a35b-4dc5-8db5-76f600d9f0dd');\n",
       "var x = new MutationObserver(function (mutations, observer) {{\n",
       "        var display = window.getComputedStyle(gd).display;\n",
       "        if (!display || display === 'none') {{\n",
       "            console.log([gd, 'removed!']);\n",
       "            Plotly.purge(gd);\n",
       "            observer.disconnect();\n",
       "        }}\n",
       "}});\n",
       "\n",
       "// Listen for the removal of the full notebook cells\n",
       "var notebookContainer = gd.closest('#notebook-container');\n",
       "if (notebookContainer) {{\n",
       "    x.observe(notebookContainer, {childList: true});\n",
       "}}\n",
       "\n",
       "// Listen for the clearing of the current output cell\n",
       "var outputEl = gd.closest('.output');\n",
       "if (outputEl) {{\n",
       "    x.observe(outputEl, {childList: true});\n",
       "}}\n",
       "\n",
       "                        })                };                            </script>        </div>\n",
       "</body>\n",
       "</html>"
      ]
     },
     "metadata": {},
     "output_type": "display_data"
    }
   ],
   "source": [
    "corr= training_data.corr(numeric_only=True)\n",
    "\n",
    "fig= px.imshow(corr,text_auto='.2f',aspect=\"auto\")\n",
    "fig.show()"
   ]
  },
  {
   "cell_type": "markdown",
   "id": "bef9f51c",
   "metadata": {
    "papermill": {
     "duration": 0.019675,
     "end_time": "2026-04-24T11:41:01.774239+00:00",
     "exception": false,
     "start_time": "2026-04-24T11:41:01.754564+00:00",
     "status": "completed"
    },
    "tags": []
   },
   "source": [
    "CREATING new numerical features"
   ]
  },
  {
   "cell_type": "code",
   "execution_count": 11,
   "id": "1aabe72c",
   "metadata": {
    "execution": {
     "iopub.execute_input": "2026-04-24T11:41:01.808000Z",
     "iopub.status.busy": "2026-04-24T11:41:01.807257Z",
     "iopub.status.idle": "2026-04-24T11:41:02.445281Z",
     "shell.execute_reply": "2026-04-24T11:41:02.444108Z"
    },
    "papermill": {
     "duration": 0.657369,
     "end_time": "2026-04-24T11:41:02.447432+00:00",
     "exception": false,
     "start_time": "2026-04-24T11:41:01.790063+00:00",
     "status": "completed"
    },
    "tags": []
   },
   "outputs": [],
   "source": [
    "training_data['temp_humidity_ratio'] = training_data['Temperature_C'] / (training_data['Humidity'] + 1e-5)\n",
    "training_data['rainfall_temp_ratio'] = training_data['Rainfall_mm'] / (training_data['Temperature_C'] + 1e-5)\n",
    "training_data['heat_index_proxy'] = training_data['Temperature_C'] * training_data['Sunlight_Hours']\n",
    "training_data['wind_chill_proxy'] = training_data['Temperature_C'] * training_data['Wind_Speed_kmh']\n",
    "    \n",
    "# Soil interactions\n",
    "training_data['soil_health_idx'] = training_data['Organic_Carbon'] * training_data['Soil_Moisture'] / (training_data['Soil_pH'] + 1e-5)\n",
    "training_data['moisture_conductivity'] = training_data['Soil_Moisture'] * training_data['Electrical_Conductivity']\n",
    "training_data['air_soil_moisture_mismatch'] = training_data['Humidity'] / (training_data['Soil_Moisture'] + 1e-5)\n",
    "training_data['ph_conductivity_ratio'] = training_data['Soil_pH'] / (training_data['Electrical_Conductivity'] + 1e-5)\n",
    "    \n",
    "# Area and Volume interactions\n",
    "training_data['rain_volume'] = training_data['Rainfall_mm'] * training_data['Field_Area_hectare']\n",
    "training_data['previous_irrigation_volume'] = training_data['Previous_Irrigation_mm'] * training_data['Field_Area_hectare']\n",
    "training_data['irrigation_diff'] = training_data['Rainfall_mm'] - training_data['Previous_Irrigation_mm']\n",
    "training_data['total_water_supply'] = training_data['Rainfall_mm'] + training_data['Previous_Irrigation_mm']\n",
    "    \n",
    "# Log transforms for highly skewed data limits outliers effect\n",
    "training_data['log_Rainfall_mm'] = np.log1p(training_data['Rainfall_mm'])\n",
    "training_data['log_Previous_Irrigation_mm'] = np.log1p(training_data['Previous_Irrigation_mm'])\n",
    "\n",
    "#ranking features\n",
    "training_data['Soil_Moisture_rank']= training_data['Soil_Moisture'].rank(pct=True)\n",
    "training_data['EC_rank']= training_data['Electrical_Conductivity'].rank(pct=True)\n",
    "training_data['Rainfall_rank']= training_data['Rainfall_mm'].rank(pct=True)\n",
    "training_data['Irrigation_rank']= training_data['Previous_Irrigation_mm'].rank(pct=True)\n",
    "\n",
    "training_data['water_balance']= training_data['Rainfall_mm']- training_data['Soil_Moisture']\n",
    "training_data['Soil_health']= training_data['Soil_pH']*training_data['Electrical_Conductivity']\n",
    "training_data['Soil_moisture_sqrt']= np.sqrt(training_data['Soil_Moisture'])\n",
    "\n",
    "#training_data['moisture_to_rain_ratio'] = training_data['Soil_Moisture'] / (training_data['Rainfall_mm'] + 1e-5)\n",
    "#training_data['irrigation_efficiency'] = training_data['Soil_Moisture'] / (training_data['Previous_Irrigation_mm'] + 1e-5)\n",
    "#training_data['temp_x_rain'] = training_data['Temperature_C'] * training_data['Rainfall_mm']\n",
    "#training_data['temp_humidity_diff'] = training_data['Temperature_C'] - training_data['Humidity']\n",
    "\n",
    "#non linear features\n",
    "#training_data['temp_squared'] = training_data['Temperature_C'] ** 2\n",
    "#training_data['temp_cubed'] = training_data['Temperature_C'] ** 3\n",
    "#training_data['humidity_power'] = training_data['Humidity'] ** 1.5\n",
    "#training_data['soil_moisture_log_sq'] = np.log1p(training_data['Soil_Moisture']) ** 2\n",
    "#training_data['rain_sqrt_temp'] = np.sqrt(training_data['Rainfall_mm']) * training_data['Temperature_C']\n",
    "#training_data['ec_power'] = training_data['Electrical_Conductivity'] ** 1.3\n",
    "#training_data['ph_squared'] = training_data['Soil_pH'] ** 2\n",
    "#training_data['temp_moisture_nl'] = (training_data['Temperature_C'] ** 2) * np.sqrt(training_data['Soil_Moisture'])\n",
    "#training_data['log_rain_temp'] = np.log1p(training_data['Rainfall_mm']) * training_data['Temperature_C']"
   ]
  },
  {
   "cell_type": "code",
   "execution_count": 12,
   "id": "a599b659",
   "metadata": {
    "execution": {
     "iopub.execute_input": "2026-04-24T11:41:02.479439Z",
     "iopub.status.busy": "2026-04-24T11:41:02.479077Z",
     "iopub.status.idle": "2026-04-24T11:41:02.725109Z",
     "shell.execute_reply": "2026-04-24T11:41:02.724166Z"
    },
    "papermill": {
     "duration": 0.26516,
     "end_time": "2026-04-24T11:41:02.727236+00:00",
     "exception": false,
     "start_time": "2026-04-24T11:41:02.462076+00:00",
     "status": "completed"
    },
    "tags": []
   },
   "outputs": [],
   "source": [
    "testing_data['temp_humidity_ratio'] = testing_data['Temperature_C'] / (testing_data['Humidity'] + 1e-5)\n",
    "testing_data['rainfall_temp_ratio'] = testing_data['Rainfall_mm'] / (testing_data['Temperature_C'] + 1e-5)\n",
